0,1.17155e-09,7901000.0
1,1.76242e-09,7972400.0
2,3.43503e-09,7539900.0
3,1.79645e-09,5746900.0
4,4.59769e-10,7382800.0
5,3.23832e-09,6523900.0
6,3.98579e-08,7979400.0
7,2.31179e-09,4548900.0
8,2.59166e-09,8242800.0
9,1.18245e-09,7815500.0
10,1.07178e-08,4534800.0
11,1.96389e-09,4677600.0
12,1.05916e-08,4586700.0
13,7.53912e-09,4533100.0
14,1.47859e-09,4553400.0
15,8.23289e-09,8850200.0
16,1.79695e-10,4552200.0
17,8.99177e-10,4885300.0
18,3.75231e-09,4910600.0
19,7.39689e-09,4574900.0
20,7.92115e-10,4673200.0
21,1.60621e-08,4548500.0
22,3.21221e-10,4538300.0
23,8.38936e-09,4796900.0
24,8.62618e-09,4743700.0
25,9.56319e-09,4542000.0
26,3.6795e-08,4551500.0
27,2.25186e-08,5916100.0
28,9.51335e-10,4603400.0
29,1.19875e-09,8065800.0
30,5.51779e-09,5494700.0
31,1.1051e-09,4547600.0
32,3.40927e-09,4552400.0
33,6.19707e-09,4792900.0
34,2.98995e-09,4808400.0
35,6.47422e-10,4539400.0
36,5.77009e-09,4568400.0
37,1.77286e-08,4778600.0
38,3.16077e-09,9248300.0
39,2.79807e-08,8467300.0
40,1.7711e-09,4551200.0
41,5.88371e-10,4553300.0
42,2.64107e-09,5709600.0
43,1.79955e-09,4558300.0
44,3.4781e-09,4926500.0
45,1.02857e-06,4546300.0
46,1.01455e-09,4587000.0
47,6.12872e-10,4560500.0
48,2.28506e-09,4769200.0
49,1.06091e-08,4930500.0
50,2.07593e-09,4768000.0
51,1.77098e-09,4646200.0
52,2.4031e-08,4537300.0
53,1.46476e-08,4575900.0
54,2.0205e-07,7362300.0
55,7.44664e-10,4567900.0
56,2.91253e-08,4831700.0
57,1.88328e-08,4563100.0
58,6.23808e-09,5138000.0
59,7.73208e-11,4815800.0
60,1.69876e-09,4551000.0
61,5.71448e-10,5617900.0
62,1.29817e-07,6459700.0
63,6.55543e-10,6751600.0
64,8.61157e-09,4680900.0
65,4.21452e-09,5919100.0
66,3.63462e-10,4550400.0
67,9.8903e-09,9121000.0
68,1.64421e-09,4698900.0
69,3.6738e-09,9209000.0
70,2.34624e-09,5998400.0
71,1.26088e-09,4544500.0
72,5.02379e-10,4877800.0
73,5.88664e-10,4554300.0
74,1.59153e-09,4548100.0
75,1.92841e-09,4671500.0
76,9.24325e-10,5237500.0
77,4.17268e-09,4692800.0
78,1.53708e-09,4996900.0
79,6.09549e-09,4732600.0
80,4.94175e-09,4640700.0
81,2.1096e-09,4564300.0
82,7.14583e-09,4558600.0
83,6.66359e-08,4595000.0
84,3.9315e-08,4561100.0
85,2.56932e-09,4550700.0
86,6.54236e-09,4566400.0
87,1.06862e-09,4590800.0
88,1.51638e-07,4587900.0
89,2.07199e-09,4576500.0
90,2.29125e-09,4588300.0
91,9.43223e-08,4543800.0
92,3.46013e-09,4514500.0
93,3.18831e-09,4576400.0
94,7.2564e-09,4577700.0
95,3.41298e-08,4589900.0
96,2.91874e-09,4590100.0
97,9.33424e-09,4579400.0
98,3.24728e-09,4572200.0
99,2.6385e-06,4550200.0
0,2.03076e-08,4575200.0
1,2.58587e-10,4569100.0
2,5.40761e-10,4547500.0
3,2.98469e-08,4605800.0
4,7.63944e-10,4563700.0
5,3.77235e-10,4584000.0
6,1.85228e-09,4580900.0
7,8.81424e-10,4553100.0
8,2.18448e-10,4557700.0
9,2.39329e-09,4609700.0
10,8.93399e-10,4538200.0
11,3.37041e-09,4536200.0
12,3.12091e-09,4582300.0
13,6.23052e-09,4536100.0
14,3.19538e-08,4526500.0
15,6.0118e-09,4558900.0
16,1.79046e-09,4528300.0
17,8.33152e-09,4537200.0
18,5.25551e-09,4535900.0
19,2.83417e-09,4535300.0
20,3.35071e-09,4525800.0
21,3.84445e-09,4536600.0
22,1.74328e-08,4521200.0
23,1.37817e-08,4544900.0
24,1.03486e-08,4524400.0
25,2.50486e-09,4545700.0
26,3.89857e-08,4540900.0
27,1.06203e-08,4538500.0
28,1.81145e-09,4565100.0
29,2.07416e-08,4604500.0
30,1.13469e-09,4592100.0
31,5.71739e-09,4569900.0
32,2.53641e-08,4645200.0
33,2.02465e-09,4552900.0
34,1.3203e-09,4543900.0
35,2.21452e-08,4526400.0
36,2.68029e-09,4535700.0
37,1.86744e-08,4529100.0
38,3.24143e-10,4523700.0
39,4.25228e-09,4526900.0
40,1.41821e-09,4543500.0
41,1.93034e-09,4527500.0
42,2.71234e-07,4542200.0
43,7.22209e-07,4524100.0
44,1.08806e-07,4524100.0
45,8.5171e-10,4544200.0
46,2.44612e-09,4524200.0
47,2.68989e-09,4524600.0
48,2.57343e-09,4548200.0
49,1.15354e-10,4531600.0
50,1.12449e-09,4556800.0
51,1.05997e-09,4546900.0
52,9.58605e-10,4549200.0
53,3.36783e-09,4555700.0
54,8.76936e-11,4530800.0
55,6.60362e-10,4527800.0
56,5.03309e-09,4541000.0
57,4.75379e-08,4528000.0
58,3.95425e-10,4526000.0
59,1.99684e-09,4538000.0
60,3.61342e-10,4523500.0
61,3.01263e-08,4551200.0
62,1.9396e-08,4546500.0
63,3.29741e-08,4539400.0
64,1.04586e-09,4555100.0
65,9.66086e-10,4541600.0
66,1.44025e-08,4537700.0
67,1.08051e-08,4527400.0
68,8.27907e-10,4528400.0
69,1.7962e-09,4541000.0
70,2.88747e-09,4530000.0
71,2.70284e-09,4556700.0
72,8.01838e-10,4568200.0
73,1.42441e-09,4566200.0
74,7.5626e-09,4569000.0
75,2.79577e-09,4697000.0
76,3.35615e-09,4581200.0
77,8.3056e-09,4566100.0
78,9.45025e-09,4573000.0
79,2.56596e-09,5298700.0
80,1.25266e-08,4550500.0
81,1.65923e-09,4676100.0
82,2.19435e-09,4750700.0
83,1.05871e-08,4608800.0
84,4.51046e-08,8694900.0
85,4.70741e-09,8886400.0
86,1.5809e-09,5608400.0
87,2.15042e-08,4585900.0
88,1.11014e-09,4563700.0
89,6.26718e-09,7347200.0
90,2.91552e-09,5311100.0
91,1.0296e-06,4640200.0
92,1.89947e-08,4612000.0
93,3.45777e-09,4609400.0
94,6.68779e-10,5230100.0
95,3.56143e-08,4983500.0
96,2.94238e-07,8009100.0
97,1.04969e-08,6293700.0
98,1.64125e-08,6808400.0
99,4.10757e-09,6182400.0
0,1.25555e-08,4615800.0
1,9.62662e-10,4698700.0
2,1.33458e-08,9516300.0
3,6.1807e-09,5202100.0
4,7.38117e-10,5567300.0
5,1.12682e-07,7391000.0
6,8.94161e-09,4541000.0
7,1.349e-09,4615000.0
8,8.74292e-10,4559500.0
9,4.69553e-10,5218100.0
10,2.7168e-10,4560900.0
11,8.07937e-10,7496700.0
12,2.15956e-10,4560600.0
13,1.20923e-08,4590200.0
14,1.47228e-09,4894400.0
15,2.42474e-09,4835600.0
16,3.00235e-10,6120400.0
17,1.26664e-08,4719500.0
18,9.04771e-09,5512500.0
19,3.41335e-08,4595300.0
20,2.67418e-08,4563000.0
21,1.01376e-07,4776900.0
22,1.21166e-09,4564800.0
23,4.18208e-10,4576000.0
24,9.09725e-09,4713200.0
25,2.48759e-10,4619200.0
26,2.26766e-07,4587600.0
27,1.09823e-08,4597700.0
28,3.05797e-09,4625200.0
29,1.46883e-08,4592700.0
30,4.09578e-09,4550300.0
31,1.01249e-08,6661400.0
32,1.9414e-08,4693000.0
33,3.43893e-09,4690600.0
34,5.03104e-08,4925300.0
35,1.65032e-09,4706200.0
36,2.82915e-09,4559700.0
37,1.18414e-08,8482600.0
38,1.94063e-09,4791400.0
39,2.65585e-09,5355500.0
40,6.40711e-08,4807100.0
41,1.42336e-09,5265800.0
42,9.89769e-10,4800600.0
43,3.34315e-09,9517000.0
44,2.56957e-09,6799900.0
45,2.14095e-09,6017100.0
46,2.21541e-10,6303100.0
47,3.51958e-08,8301700.0
48,3.32084e-09,5715300.0
49,1.17986e-09,8297800.0
50,1.95408e-08,5969800.0
51,1.73336e-09,6118800.0
52,1.70831e-09,5203200.0
53,2.30334e-09,7800900.0
54,1.8436e-09,7273200.0
55,7.07416e-09,7160000.0
56,3.75118e-09,9614400.0
57,6.04935e-09,8135000.0
58,7.66532e-10,7898400.0
59,1.14519e-09,8626000.0
60,2.52976e-09,8038400.0
61,4.30737e-09,8498800.0
62,3.55042e-09,9275200.0
63,1.99216e-08,8564500.0
64,6.62615e-10,7516200.0
65,1.11089e-09,6055300.0
66,3.86737e-09,8246000.0
67,3.036e-09,5512900.0
68,1.22208e-09,8992400.0
69,2.96079e-09,7356900.0
70,2.67747e-08,6728800.0
71,5.8745e-09,9036200.0
72,3.74166e-07,7070200.0
73,1.00124e-08,6817000.0
74,3.17534e-08,6371700.0
75,1.09433e-08,8222800.0
76,9.84412e-10,7822200.0
77,4.7241e-08,5992300.0
78,1.19066e-08,5639800.0
79,6.78116e-09,7397700.0
80,4.43645e-09,7613400.0
81,1.18609e-09,6237000.0
82,2.81993e-09,9265400.0
83,7.62391e-09,4649800.0
84,5.33275e-09,8641900.0
85,4.83248e-09,4732600.0
86,3.08854e-10,7338100.0
87,2.02278e-09,7107000.0
88,2.66163e-09,6183400.0
89,4.60762e-10,7365100.0
90,2.13069e-09,8317300.0
91,3.80662e-09,4656600.0
92,2.85153e-09,6153900.0
93,9.20834e-09,7704800.0
94,2.03264e-09,7671700.0
95,1.74684e-09,8818300.0
96,4.29815e-09,7783700.0
97,2.06508e-09,5670300.0
98,6.67134e-09,4793000.0
99,2.51349e-09,7498500.0
0,2.5292e-08,9034000.0
1,1.48252e-08,6622200.0
2,8.08201e-09,5362100.0
3,3.29074e-09,7349100.0
4,5.94026e-10,7428100.0
5,3.29827e-09,6310900.0
6,2.49083e-09,8366100.0
7,6.3868e-10,7593800.0
8,1.48612e-08,7568200.0
9,3.42512e-08,7583900.0
10,4.23496e-09,4782300.0
11,7.70087e-09,6622500.0
12,1.14599e-09,9287500.0
13,4.00007e-10,8153300.0
14,4.31917e-09,5117900.0
15,2.97029e-09,7382700.0
16,8.79147e-10,8984700.0
17,1.9235e-09,4567800.0
18,9.34847e-10,6271700.0
19,1.39405e-08,4712700.0
20,1.79816e-09,9033800.0
21,6.10234e-09,4683900.0
22,4.40267e-09,5218200.0
23,2.76772e-07,7236500.0
24,2.21137e-09,5772100.0
25,7.35708e-09,5855200.0
26,1.76945e-09,4978000.0
27,6.85753e-09,6575700.0
28,1.96692e-09,6666500.0
29,2.42586e-09,7940700.0
30,1.09112e-08,9203200.0
31,1.40937e-09,5333400.0
32,6.75647e-09,7581300.0
33,6.30673e-09,9262700.0
34,3.4604e-08,6980800.0
35,1.74402e-09,7392500.0
36,1.87815e-08,8018300.0
37,3.95088e-08,7889100.0
38,4.08476e-10,7793500.0
39,1.46649e-10,5557300.0
40,7.55037e-10,5868300.0
41,2.79414e-09,6383100.0
42,2.82937e-08,5882100.0
43,9.87291e-10,6395000.0
44,3.46785e-09,5481100.0
45,8.32173e-10,5058500.0
46,1.37167e-09,4581000.0
47,2.54678e-09,9302100.0
48,2.40989e-09,5654300.0
49,8.67853e-10,6219100.0
50,2.17417e-08,4881500.0
51,2.50434e-09,6216900.0
52,6.24376e-10,5804200.0
53,2.90575e-07,7500200.0
54,4.11047e-09,8022500.0
55,8.32575e-09,6553400.0
56,1.4897e-09,7162600.0
57,1.55502e-09,6892300.0
58,1.43621e-09,4538300.0
59,1.36327e-09,6369700.0
60,9.23138e-09,7406700.0
61,3.12033e-09,7715800.0
62,3.04121e-09,9287000.0
63,3.85981e-10,7309400.0
64,1.9463e-09,8235700.0
65,5.69502e-09,8027600.0
66,1.07359e-08,7471900.0
67,5.00194e-09,7581400.0
68,7.40385e-10,7960900.0
69,6.11008e-09,7233900.0
70,2.80217e-09,7858600.0
71,1.69964e-09,7983600.0
72,1.02819e-09,8088100.0
73,6.99689e-10,7365100.0
74,5.647e-08,8358900.0
75,6.96491e-09,8425600.0
76,1.69558e-08,8974600.0
77,3.31171e-09,7180000.0
78,7.5882e-10,8492900.0
79,2.10356e-09,7963800.0
80,1.47824e-09,7843100.0
81,1.97287e-08,8181700.0
82,7.84162e-09,7786100.0
83,6.2622e-10,8227700.0
84,1.40687e-08,7765500.0
85,2.02539e-08,7203900.0
86,8.56053e-09,7629800.0
87,1.16941e-07,7987900.0
88,6.71304e-10,6834900.0
89,8.07678e-09,6775000.0
90,3.59957e-10,7266900.0
91,1.57707e-09,7349200.0
92,6.16336e-09,7413400.0
93,6.07875e-09,6610600.0
94,5.70647e-09,6779600.0
95,1.61204e-09,8651700.0
96,1.06314e-08,7846400.0
97,3.06674e-09,6521500.0
98,3.10259e-08,6339500.0
99,1.08224e-08,7445800.0
0,8.93025e-08,7990600.0
1,2.17992e-08,7817700.0
2,1.07824e-09,7233500.0
3,2.62458e-09,6863100.0
4,1.40663e-07,6276500.0
5,6.3606e-09,6430700.0
6,3.45088e-09,7339500.0
7,1.52514e-09,7151500.0
8,1.36612e-08,7059200.0
9,4.88007e-08,7238800.0
10,1.37239e-08,7101800.0
11,1.7585e-08,6943700.0
12,4.4506e-08,6726500.0
13,4.8626e-09,7801000.0
14,1.41964e-08,7624600.0
15,1.54354e-08,7907900.0
16,1.36822e-08,6075900.0
17,2.08261e-10,5303600.0
18,3.75521e-09,5496000.0
19,8.54209e-10,6633000.0
20,1.61213e-08,5936200.0
21,1.27955e-08,7954300.0
22,1.54184e-07,7012000.0
23,1.96638e-09,8267400.0
24,2.2381e-07,9478100.0
25,9.02536e-10,5540500.0
26,7.62833e-11,4606500.0
27,3.6896e-10,7840100.0
28,8.10729e-10,7173600.0
29,9.9755e-10,5929400.0
30,4.77085e-09,7220100.0
31,4.71038e-09,8190900.0
32,1.93135e-08,8352600.0
33,4.86272e-09,7609000.0
34,2.55538e-09,6594100.0
35,7.48165e-10,6776700.0
36,3.36129e-09,8930400.0
37,1.69995e-08,5362600.0
38,8.15153e-08,7889200.0
39,1.85791e-09,6821800.0
40,1.5023e-09,8987700.0
41,3.60834e-09,4867900.0
42,1.83657e-09,8870200.0
43,6.11186e-07,9207700.0
44,1.08847e-08,9170200.0
45,4.96663e-09,4732000.0
46,3.00704e-10,8650600.0
47,6.24373e-10,5151800.0
48,3.24601e-09,7857900.0
49,3.60888e-08,5533500.0
50,2.64337e-09,7968200.0
51,5.72565e-09,7924600.0
52,5.86125e-09,5821700.0
53,1.58278e-09,6480000.0
54,9.10977e-09,5212300.0
55,1.56021e-08,7401700.0
56,4.92796e-09,9530700.0
57,9.24342e-09,4710500.0
58,1.76772e-09,4576700.0
59,6.35559e-08,7416100.0
60,5.72777e-08,4990900.0
61,3.61801e-09,7292000.0
62,9.54322e-10,7832100.0
63,7.805e-08,4558000.0
64,3.59216e-10,4625100.0
65,9.78832e-09,5231500.0
66,1.59643e-09,6601200.0
67,2.65113e-09,5822100.0
68,1.05539e-09,4601000.0
69,9.14625e-10,6991800.0
70,1.70266e-10,4645200.0
71,2.28559e-09,4565600.0
72,3.79696e-09,7354500.0
73,9.73475e-09,7902300.0
74,1.16264e-08,5842400.0
75,3.23363e-10,7116900.0
76,1.90388e-09,5438300.0
77,4.69548e-09,7805300.0
78,2.64265e-09,7292600.0
79,6.0139e-10,4538700.0
80,3.20325e-09,6011600.0
81,9.00636e-10,9512300.0
82,1.1511e-07,9382500.0
83,1.45839e-09,7858100.0
84,4.79818e-09,7736300.0
85,3.70022e-10,5024000.0
86,2.49331e-09,7404200.0
87,8.3994e-11,7849400.0
88,1.37584e-08,7904800.0
89,2.97326e-10,8336800.0
90,2.0148e-09,7707200.0
91,2.80281e-09,7234000.0
92,1.72368e-08,7019700.0
93,9.89737e-10,6821600.0
94,5.0866e-09,7084900.0
95,2.25915e-10,6680200.0
96,1.56627e-09,6498600.0
97,2.43921e-09,8355200.0
98,1.4758e-09,9352400.0
99,3.1444e-10,7724300.0
0,3.6544e-08,32366200.0
1,5.53023e-09,27223900.0
2,4.10681e-08,26013100.0
3,2.04849e-07,26329300.0
4,3.3097e-09,27497300.0
5,3.47727e-08,24451400.0
6,5.66972e-07,28075900.0
7,2.40539e-07,32690700.0
8,4.05313e-07,23005400.0
9,6.13209e-08,29292400.0
10,1.72302e-08,25748800.0
11,6.473e-08,29409800.0
12,3.24017e-07,29437200.0
13,1.60883e-07,17835700.0
14,6.2821e-08,20972100.0
15,1.80813e-08,18709700.0
16,3.81543e-09,26939400.0
17,1.44551e-08,17832800.0
18,3.2068e-08,18762500.0
19,7.27905e-09,17724500.0
20,7.01891e-09,17760600.0
21,1.19573e-07,17748300.0
22,3.33429e-08,18036500.0
23,5.41823e-08,17724700.0
24,2.61769e-07,18602700.0
25,1.22203e-07,18277900.0
26,3.95149e-08,17733200.0
27,2.54681e-08,17782300.0
28,1.62457e-08,17948400.0
29,3.36657e-08,21931200.0
30,7.36841e-09,19726200.0
31,9.79593e-09,18023600.0
32,1.38152e-06,18064600.0
33,3.42211e-07,18838900.0
34,3.58238e-09,22120400.0
35,7.77461e-09,18119700.0
36,1.75859e-08,17735200.0
37,2.08569e-07,17684700.0
38,1.12105e-07,17713300.0
39,2.44621e-08,17586700.0
40,1.86673e-08,17937600.0
41,1.61829e-06,17705100.0
42,2.072e-07,17752900.0
43,6.55408e-09,17697600.0
44,6.45545e-06,17718000.0
45,1.19724e-08,17701600.0
46,1.10323e-08,17698400.0
47,1.26699e-08,17678900.0
48,4.9048e-08,17703700.0
49,1.53672e-07,17737400.0
50,1.49781e-08,17699300.0
51,3.67418e-08,17693600.0
52,1.21542e-08,17712200.0
53,6.14562e-09,17770900.0
54,1.83646e-08,17816200.0
55,5.07032e-08,17871300.0
56,8.1422e-08,17875700.0
57,4.92036e-08,17887900.0
58,5.59904e-08,17765300.0
59,7.81556e-08,17743500.0
60,4.15721e-09,17795900.0
61,7.17751e-08,17802200.0
62,1.94668e-05,17792800.0
63,8.99582e-08,17792500.0
64,3.06036e-05,17721000.0
65,9.89079e-08,17744400.0
66,7.02708e-08,19502100.0
67,7.38189e-08,17885200.0
68,9.23205e-08,18052900.0
69,5.03075e-07,18720900.0
70,7.41017e-08,23138400.0
71,1.09322e-07,17778900.0
72,3.817e-08,29902900.0
73,7.38754e-09,18962900.0
74,2.78861e-08,25037100.0
75,6.72327e-09,17888600.0
76,6.26305e-09,17831400.0
77,5.43064e-08,17789200.0
78,1.27733e-07,26717100.0
79,1.08299e-08,25977500.0
80,4.65552e-09,24803800.0
81,6.07418e-08,25718900.0
82,1.96496e-07,25130500.0
83,7.1684e-08,31239200.0
84,6.88493e-09,33228600.0
85,2.15023e-07,32444600.0
86,1.08456e-08,30212200.0
87,8.58417e-08,33718600.0
88,1.5245e-07,32222000.0
89,3.34773e-08,24805600.0
90,7.56582e-08,29443000.0
91,4.42665e-08,31786500.0
92,3.99517e-09,30885700.0
93,2.80706e-08,30598200.0
94,3.86846e-08,33672600.0
95,1.1807e-07,20590700.0
96,3.98056e-08,23208100.0
97,5.8053e-09,21951300.0
98,1.69815e-06,25316200.0
99,1.13785e-08,19031300.0
0,7.60962e-09,32897300.0
1,8.93808e-08,25373200.0
2,8.97061e-09,24654600.0
3,5.84194e-08,20515300.0
4,7.74843e-08,24353600.0
5,2.43996e-07,22399400.0
6,7.47582e-09,19566600.0
7,8.80262e-09,36850800.0
8,5.48374e-08,27195500.0
9,6.88043e-07,28266800.0
10,2.53736e-08,28759300.0
11,8.23113e-08,30192200.0
12,2.27294e-08,30612200.0
13,1.57846e-08,25392300.0
14,8.88743e-09,24593200.0
15,3.15181e-08,20077200.0
16,1.52906e-08,29210300.0
17,2.10391e-08,22959700.0
18,6.22761e-09,25252600.0
19,5.4157e-09,23391300.0
20,9.23211e-07,27591200.0
21,6.26844e-07,26104100.0
22,9.58187e-09,22040400.0
23,1.30835e-06,25800500.0
24,3.48147e-09,27319300.0
25,3.17205e-08,25888800.0
26,1.41704e-08,24344000.0
27,3.10202e-08,22445800.0
28,6.92029e-09,34546900.0
29,5.53416e-08,23297700.0
30,3.78994e-07,23615000.0
31,5.2072e-09,23773300.0
32,3.64042e-08,34255600.0
33,4.29346e-08,20334700.0
34,2.15905e-08,29166800.0
35,7.97065e-08,30669700.0
36,2.04442e-09,24924800.0
37,9.10495e-09,26033700.0
38,6.99901e-09,26470700.0
39,1.24871e-07,20767900.0
40,1.87056e-07,22190900.0
41,1.92227e-08,31891600.0
42,1.12858e-07,31936000.0
43,3.5101e-08,30737600.0
44,9.93985e-08,22786700.0
45,5.5088e-08,27256500.0
46,6.46347e-09,25181500.0
47,6.24115e-09,24192000.0
48,2.7663e-07,29166600.0
49,1.59405e-08,33788400.0
50,1.13697e-06,29002200.0
51,2.50696e-07,31659100.0
52,9.82698e-07,28673600.0
53,2.51364e-08,28809300.0
54,3.87926e-08,35264800.0
55,1.0008e-07,24691300.0
56,1.39946e-08,25097600.0
57,1.60752e-06,29387500.0
58,2.82611e-07,26248700.0
59,3.12012e-07,26881900.0
60,6.40724e-08,23601600.0
61,9.82649e-07,28521900.0
62,1.82529e-08,20483000.0
63,1.55157e-08,20943500.0
64,5.59683e-08,20398600.0
65,7.76423e-08,32095000.0
66,2.2652e-06,29243100.0
67,3.82399e-08,21519700.0
68,3.23076e-09,18197000.0
69,1.86805e-08,21822500.0
70,2.94712e-08,22897900.0
71,2.90064e-07,19362100.0
72,3.61244e-08,22476300.0
73,5.59392e-08,18305100.0
74,3.00121e-08,27043100.0
75,7.47567e-09,27673600.0
76,5.2638e-09,18001300.0
77,4.60928e-08,18001300.0
78,1.23956e-08,19664000.0
79,3.02069e-08,18622000.0
80,1.05636e-08,30370200.0
81,1.23931e-07,22182600.0
82,6.61482e-08,18764800.0
83,2.33545e-08,19933300.0
84,2.51928e-08,28776100.0
85,9.60946e-09,23989700.0
86,2.75376e-08,17875800.0
87,4.46118e-06,18241900.0
88,1.75747e-08,17780700.0
89,1.51212e-08,18082300.0
90,2.2916e-06,19022900.0
91,1.61564e-07,18662000.0
92,4.34593e-08,18445800.0
93,1.89132e-08,17887700.0
94,2.26544e-08,18081400.0
95,2.5703e-08,18131000.0
96,5.27259e-09,17762000.0
97,8.19993e-08,17770900.0
98,4.33064e-08,17729400.0
99,1.33528e-08,17754000.0
0,3.26227e-07,17765800.0
1,1.01598e-08,17759300.0
2,2.82345e-08,17855600.0
3,3.66302e-09,17787000.0
4,1.43769e-08,23588200.0
5,5.73569e-08,18428300.0
6,4.11505e-09,17866100.0
7,2.59021e-07,22032600.0
8,1.01328e-07,17824600.0
9,1.37594e-08,17823000.0
10,2.28801e-08,23593100.0
11,3.36291e-08,19163100.0
12,2.6593e-08,21707100.0
13,1.08493e-08,24161800.0
14,5.11852e-08,26399700.0
15,6.9679e-07,19094100.0
16,2.90248e-08,20788800.0
17,5.583e-09,18317200.0
18,1.10105e-08,18871300.0
19,7.37697e-08,25933500.0
20,1.64948e-08,18952900.0
21,2.13763e-08,25785500.0
22,3.61427e-09,23170000.0
23,5.17237e-09,22656000.0
24,1.26714e-08,18142000.0
25,5.88285e-09,22143400.0
26,1.37467e-08,23370300.0
27,1.596e-08,19970700.0
28,3.03702e-08,25942900.0
29,7.27431e-09,23576700.0
30,5.67388e-09,27167700.0
31,2.92399e-08,20558300.0
32,6.74973e-08,25316100.0
33,6.6417e-09,26713600.0
34,1.38461e-07,30543800.0
35,8.15681e-07,28604300.0
36,2.51992e-08,26183700.0
37,9.43095e-09,24515400.0
38,2.30864e-08,32868000.0
39,7.56319e-08,29867400.0
40,1.76711e-06,32103100.0
41,2.02985e-07,25930700.0
42,7.652e-08,30926900.0
43,5.53584e-08,31447100.0
44,2.44525e-08,27133700.0
45,7.16655e-07,29448000.0
46,2.33695e-07,34437000.0
47,5.42372e-08,28280300.0
48,2.41966e-08,30018200.0
49,3.72985e-08,25293800.0
50,2.50767e-08,25822500.0
51,3.77168e-08,28946900.0
52,1.09247e-08,32725100.0
53,2.18325e-08,23147400.0
54,1.19593e-08,29802300.0
55,3.55318e-08,31730000.0
56,5.72965e-08,24993500.0
57,9.79764e-08,32221600.0
58,1.07069e-07,29744600.0
59,5.63627e-08,25291500.0
60,1.06874e-08,23528100.0
61,3.19985e-08,24666500.0
62,2.2874e-08,33881400.0
63,1.24597e-07,30102400.0
64,1.17409e-08,24375100.0
65,3.44886e-08,24975800.0
66,2.78678e-08,26799600.0
67,5.63057e-09,23291600.0
68,3.97845e-09,28333100.0
69,1.3516e-07,19547300.0
70,6.82114e-09,26015700.0
71,1.08632e-08,33311500.0
72,7.94398e-08,29878400.0
73,1.38756e-08,30112100.0
74,7.13105e-09,32796700.0
75,3.28615e-08,27400300.0
76,2.39123e-07,27138500.0
77,4.21876e-07,27262000.0
78,1.89174e-07,31147700.0
79,3.44074e-08,31037800.0
80,1.21722e-08,24014900.0
81,4.27663e-08,26302800.0
82,1.07054e-07,27141200.0
83,1.89745e-08,27312500.0
84,4.28396e-07,29434100.0
85,6.14119e-09,25702000.0
86,7.99143e-09,28625400.0
87,1.22932e-08,31044100.0
88,8.60453e-09,30008600.0
89,1.60263e-07,33429200.0
90,8.36312e-08,31382300.0
91,1.64523e-07,31115000.0
92,8.1601e-08,33287100.0
93,7.31775e-08,33348400.0
94,1.22158e-08,31333400.0
95,1.34196e-08,32584900.0
96,2.28025e-08,29851200.0
97,5.96999e-08,35527000.0
98,2.50311e-07,34579500.0
99,4.11487e-09,27737400.0
0,1.68426e-08,28402600.0
1,3.63998e-07,28031400.0
2,8.28804e-08,21505100.0
3,6.57159e-09,24355200.0
4,9.88542e-08,28816600.0
5,7.2112e-08,30342700.0
6,6.41182e-08,25038300.0
7,3.75542e-08,25616000.0
8,1.94099e-08,19315600.0
9,4.6119e-08,19533400.0
10,7.68693e-09,24429600.0
11,7.68805e-09,18900400.0
12,1.54054e-08,29462700.0
13,1.91349e-08,26889200.0
14,2.13003e-08,20235300.0
15,3.17777e-07,18687700.0
16,6.62136e-08,21233200.0
17,2.17963e-07,21507400.0
18,3.97725e-09,21202400.0
19,2.42979e-06,22230200.0
20,8.26911e-09,21494800.0
21,4.67995e-07,24370000.0
22,1.41339e-07,18105700.0
23,2.61783e-08,27092100.0
24,4.79132e-08,19828800.0
25,3.5338e-09,20833600.0
26,1.08731e-07,19005700.0
27,2.63073e-07,18021600.0
28,4.45142e-07,17835100.0
29,5.86248e-08,22474600.0
30,2.06716e-08,22968000.0
31,1.31669e-07,17866500.0
32,1.23433e-07,22252100.0
33,3.71209e-08,23076000.0
34,1.7112e-08,20771100.0
35,6.32547e-09,19589500.0
36,3.30938e-08,19899400.0
37,2.16484e-08,19732300.0
38,3.37398e-08,19869700.0
39,1.99985e-08,19699200.0
40,3.0462e-07,19818500.0
41,6.57211e-08,19078200.0
42,1.16085e-08,22749100.0
43,1.17244e-08,19425400.0
44,4.55562e-08,24810900.0
45,1.52579e-08,21400600.0
46,4.3619e-09,21974300.0
47,8.72438e-07,25531500.0
48,1.45047e-08,25364100.0
49,1.23216e-08,21909900.0
50,2.01211e-08,20607500.0
51,1.20634e-08,21076500.0
52,3.88712e-07,25031500.0
53,3.43084e-09,22184100.0
54,6.38618e-09,24674000.0
55,1.19991e-08,24898200.0
56,8.22628e-09,29614000.0
57,2.28734e-09,23093400.0
58,3.87694e-08,28218000.0
59,1.11502e-07,22575500.0
60,3.71993e-08,26485900.0
61,1.67862e-07,27878900.0
62,1.4257e-08,27077500.0
63,2.90773e-08,28246400.0
64,4.33313e-09,21982500.0
65,2.20763e-07,22118000.0
66,1.46178e-08,23710200.0
67,3.3327e-09,32276300.0
68,3.60825e-07,26015200.0
69,3.40937e-08,27346300.0
70,2.10065e-08,28098500.0
71,2.56252e-08,29005200.0
72,8.58138e-08,32599900.0
73,8.52506e-09,29792900.0
74,5.65098e-09,29362200.0
75,7.00801e-06,32155600.0
76,6.98475e-09,33115900.0
77,1.26933e-08,31821500.0
78,1.52049e-08,33665900.0
79,4.12448e-08,29874200.0
80,4.10639e-08,31409200.0
81,4.63616e-08,32333700.0
82,1.97371e-08,28158100.0
83,2.16311e-08,23330300.0
84,2.42445e-08,29497100.0
85,1.38836e-08,37300900.0
86,4.63496e-08,29309100.0
87,3.01001e-08,29540100.0
88,4.91184e-08,31293200.0
89,8.46675e-09,33925100.0
90,2.05327e-07,33675100.0
91,1.86711e-08,34450400.0
92,1.47377e-08,33345000.0
93,1.13356e-07,31727600.0
94,7.73973e-07,34419200.0
95,3.58037e-08,33444900.0
96,5.43012e-08,33528300.0
97,6.5205e-08,30895500.0
98,4.96555e-08,31371400.0
99,2.12034e-08,28455200.0
0,1.16988e-08,43950500.0
1,6.09074e-09,29910500.0
2,2.16705e-08,29313400.0
3,1.76943e-08,27571000.0
4,6.97411e-09,30025700.0
5,9.4714e-09,29836000.0
6,1.27238e-06,29367700.0
7,1.11667e-08,28647600.0
8,1.21109e-07,29670200.0
9,5.49138e-06,28362900.0
10,1.29061e-08,29290000.0
11,2.44096e-06,25979700.0
12,9.64532e-08,30799900.0
13,5.69964e-09,32642900.0
14,2.79614e-08,27425000.0
15,2.04255e-08,27832200.0
16,9.96245e-09,22336000.0
17,1.33562e-07,30964100.0
18,6.99469e-07,30172600.0
19,1.64532e-08,28400100.0
20,4.73027e-08,32640100.0
21,1.26779e-08,25284900.0
22,1.75092e-08,26812200.0
23,8.58578e-09,27516600.0
24,2.67314e-08,29715900.0
25,1.64067e-07,29261800.0
26,3.11255e-08,30991400.0
27,1.41431e-08,31755100.0
28,1.54539e-08,23862200.0
29,9.31401e-09,29585900.0
30,1.97631e-08,32806600.0
31,9.4424e-08,31977900.0
32,3.22261e-08,31771300.0
33,1.95121e-08,28493500.0
34,1.92129e-08,25210500.0
35,3.20509e-08,31106200.0
36,4.09103e-09,23846800.0
37,5.0331e-09,20678200.0
38,2.02656e-07,22151200.0
39,8.75209e-06,23443300.0
40,5.24397e-08,26193600.0
41,1.49435e-08,24623200.0
42,2.3731e-08,27218800.0
43,1.89934e-08,33642300.0
44,2.05847e-12,32066500.0
45,3.95278e-08,24597700.0
46,5.08963e-09,21997800.0
47,5.56164e-07,21969400.0
48,6.3223e-09,28481800.0
49,8.74213e-09,29652700.0
50,1.69851e-06,24415000.0
51,8.857e-08,18184700.0
52,1.93915e-07,17929600.0
53,7.2618e-09,22305500.0
54,2.67976e-06,19349600.0
55,7.51525e-07,20721000.0
56,1.99881e-08,25694300.0
57,7.00134e-09,22047300.0
58,1.78744e-08,25119300.0
59,8.94051e-07,25927600.0
60,1.90381e-08,24799700.0
61,2.35834e-08,17753300.0
62,9.66757e-09,17760900.0
63,4.99502e-08,20410500.0
64,1.02046e-08,18197500.0
65,4.06196e-08,17971800.0
66,1.44304e-07,18026600.0
67,1.32339e-08,17825500.0
68,6.91388e-08,17780200.0
69,8.65042e-09,17692300.0
70,3.39041e-07,17751200.0
71,1.29099e-08,17710300.0
72,1.0806e-07,17747700.0
73,3.8454e-09,17755000.0
74,3.98016e-08,18794800.0
75,1.02398e-13,18487100.0
76,3.96295e-08,23714200.0
77,5.19877e-09,17828700.0
78,5.47415e-08,17982900.0
79,6.78636e-09,24998100.0
80,3.42622e-08,17999900.0
81,4.31039e-08,24738600.0
82,3.52793e-08,17769200.0
83,3.28132e-08,18972300.0
84,2.59333e-09,29233500.0
85,1.39027e-08,17831100.0
86,1.48005e-07,17972500.0
87,2.86282e-08,18019400.0
88,1.08168e-07,17931600.0
89,6.08343e-08,21255800.0
90,8.94012e-09,18131000.0
91,3.42129e-08,22939000.0
92,7.97572e-08,22112300.0
93,1.22672e-08,25049600.0
94,3.73755e-09,24667600.0
95,1.34229e-08,20727300.0
96,7.05513e-08,24093600.0
97,1.88081e-08,22754200.0
98,1.29173e-08,23411400.0
99,6.99901e-09,24734800.0
0,1.4605e-07,264036300.0
1,6.40079e-07,297291500.0
2,1.0333e-07,271122800.0
3,2.68172e-07,248279900.0
4,5.89736e-06,284707400.0
5,4.67973e-07,266375300.0
6,1.04963e-07,263813000.0
7,9.92637e-08,238172000.0
8,1.54977e-07,248615400.0
9,2.76354e-07,188354600.0
10,1.07717e-06,202295200.0
11,6.16853e-07,237885200.0
12,4.67819e-08,185228300.0
13,2.64289e-07,174538700.0
14,7.31022e-08,173851800.0
15,2.93059e-06,195796500.0
16,2.78755e-06,181575900.0
17,5.41741e-07,215949300.0
18,5.16454e-07,256398800.0
19,3.56639e-07,247939800.0
20,1.03185e-07,258289400.0
21,7.91699e-08,251248500.0
22,1.80704e-07,276543800.0
23,1.94081e-06,290191500.0
24,4.87733e-06,274835200.0
25,4.01833e-08,186955000.0
26,3.10354e-07,173512000.0
27,4.836e-07,173723600.0
28,1.2236e-07,173463500.0
29,8.38573e-07,173532000.0
30,3.45034e-07,191943400.0
31,1.23964e-07,203510900.0
32,3.51289e-07,217124100.0
33,2.37104e-07,232357500.0
34,1.14856e-05,249930800.0
35,1.6439e-06,273996600.0
36,2.07554e-06,273360400.0
37,3.01998e-08,264758600.0
38,6.00764e-07,252331400.0
39,7.03702e-07,286101200.0
40,8.91578e-07,249180500.0
41,0.000963746,212111200.0
42,9.37736e-07,208018000.0
43,1.30678e-06,173687700.0
44,3.93972e-07,177446500.0
45,1.48907e-06,175584800.0
46,6.11401e-08,174028100.0
47,8.36319e-08,196151300.0
48,8.25295e-08,197434800.0
49,1.14041e-07,254861400.0
50,5.85915e-07,263833000.0
51,5.3217e-06,267638800.0
52,2.28836e-07,236717700.0
53,3.4576e-06,245590800.0
54,2.02372e-07,243145500.0
55,1.34608e-06,258184500.0
56,8.31176e-06,225268400.0
57,1.18956e-07,232739500.0
58,1.36822e-06,256160900.0
59,9.87885e-06,174451200.0
60,3.30696e-07,173319900.0
61,6.53658e-07,177901400.0
62,1.62606e-06,212243100.0
63,3.23887e-07,187479800.0
64,4.20482e-06,208379800.0
65,1.21005e-07,249776500.0
66,1.88746e-07,267926700.0
67,6.6991e-07,300100300.0
68,2.4206e-06,286196900.0
69,2.67658e-08,303708100.0
70,2.64416e-05,314495100.0
71,1.84716e-06,302110200.0
72,4.02013e-07,304404000.0
73,9.14323e-08,291691200.0
74,2.89657e-08,247412000.0
75,9.21851e-08,183755100.0
76,5.20683e-08,183239000.0
77,6.17559e-07,175253000.0
78,3.05931e-06,176218500.0
79,9.68771e-08,191976200.0
80,2.37582e-07,263505700.0
81,9.60282e-08,263781900.0
82,1.04156e-07,288749300.0
83,1.85683e-06,259113800.0
84,1.06436e-07,293586300.0
85,7.63277e-08,297544000.0
86,1.29783e-06,288744000.0
87,1.23344e-07,293549600.0
88,6.00374e-07,280186900.0
89,3.7322e-06,230877300.0
90,2.18177e-07,218672800.0
91,6.22103e-08,186338800.0
92,1.2504e-06,173763600.0
93,8.97672e-07,181439100.0
94,7.3969e-06,187771200.0
95,1.76351e-07,227358700.0
96,1.7925e-07,281125100.0
97,2.56524e-06,283470600.0
98,3.42448e-07,266207600.0
99,5.48542e-07,302280800.0
0,1.01351e-06,259860000.0
1,2.26036e-07,263997100.0
2,2.5491e-07,291529300.0
3,1.67618e-06,246088400.0
4,6.63492e-07,237287500.0
5,1.88567e-07,183841100.0
6,3.70333e-06,211294200.0
7,3.70615e-07,177904500.0
8,1.46748e-07,176852200.0
9,1.89508e-06,190477500.0
10,2.13965e-06,174079400.0
11,6.26203e-08,173291700.0
12,2.82897e-07,173319800.0
13,3.6799e-08,174546600.0
14,9.65245e-08,174594100.0
15,3.97043e-07,175555600.0
16,1.51436e-07,173605200.0
17,5.17686e-08,173823600.0
18,9.26048e-07,173780900.0
19,9.00159e-08,173867900.0
20,1.27524e-07,173548100.0
21,6.07187e-08,174154300.0
22,3.74974e-07,174327700.0
23,2.18544e-07,188410500.0
24,7.48629e-08,196349200.0
25,3.76988e-07,173257100.0
26,3.5516e-07,193982300.0
27,1.56915e-07,187623700.0
28,1.81621e-07,173390200.0
29,4.65079e-07,173355400.0
30,4.81256e-08,177549500.0
31,3.82082e-07,174134800.0
32,3.70649e-07,190895100.0
33,1.83575e-07,175035200.0
34,6.07634e-07,173749400.0
35,1.3133e-07,174595900.0
36,3.92365e-07,174259200.0
37,9.96556e-07,174109400.0
38,1.12837e-07,173974800.0
39,2.24063e-06,176399900.0
40,7.09115e-08,175854700.0
41,5.81177e-08,173446700.0
42,1.45146e-06,173286000.0
43,2.91109e-07,173354500.0
44,2.82472e-07,173363900.0
45,5.59635e-07,174336800.0
46,3.93789e-06,174479400.0
47,4.55288e-07,173311300.0
48,8.43499e-07,173192900.0
49,2.13122e-05,173294800.0
50,1.2806e-06,173714200.0
51,9.0272e-08,174796900.0
52,1.01476e-07,177541100.0
53,7.64051e-07,173550800.0
54,2.59362e-05,173811100.0
55,1.76389e-06,174172200.0
56,5.49149e-07,179571200.0
57,3.65207e-07,175930400.0
58,9.24067e-07,173214000.0
59,1.3865e-06,173449200.0
60,1.54611e-05,174227300.0
61,5.94044e-06,174905600.0
62,1.78245e-06,173247600.0
63,1.07397e-07,174423500.0
64,1.98926e-06,174304800.0
65,3.84175e-07,177555900.0
66,8.7101e-07,258113900.0
67,4.06513e-07,259347500.0
68,1.39833e-06,269441300.0
69,8.03123e-08,294208300.0
70,2.69281e-07,279119200.0
71,2.80637e-07,234749800.0
72,2.37014e-07,306543800.0
73,1.09807e-07,290678100.0
74,6.65218e-07,241740400.0
75,1.1042e-06,219125300.0
76,1.8654e-07,194536000.0
77,2.08778e-07,173893700.0
78,1.61408e-07,173334900.0
79,1.22024e-06,173867300.0
80,7.78289e-07,188399200.0
81,9.17396e-07,213104500.0
82,7.86901e-07,305122300.0
83,3.47349e-08,274822700.0
84,1.85248e-06,289487400.0
85,2.61002e-07,302682800.0
86,1.80037e-07,241894900.0
87,1.64795e-06,295347700.0
88,1.00985e-07,294796700.0
89,1.21536e-07,281012500.0
90,3.46085e-07,230140600.0
91,2.17799e-06,192950500.0
92,8.86701e-08,224494500.0
93,4.62622e-11,195879200.0
94,1.88825e-06,188478600.0
95,4.75083e-07,206735500.0
96,7.34179e-07,202626700.0
97,7.19325e-08,208725900.0
98,6.57663e-07,252919200.0
99,2.10194e-06,296563900.0
0,3.05925e-07,269780400.0
1,1.5255e-07,264066400.0
2,1.94356e-07,271206400.0
3,3.29229e-06,263165200.0
4,7.12755e-08,299951700.0
5,4.71247e-06,266526700.0
6,1.89829e-07,246021800.0
7,4.58589e-07,244694900.0
8,4.44644e-07,185776900.0
9,9.22592e-05,173874700.0
10,7.9005e-06,173855100.0
11,3.63613e-07,175309700.0
12,1.03806e-07,176406400.0
13,1.07688e-07,208432300.0
14,1.33155e-07,220377500.0
15,6.3846e-07,280433000.0
16,1.59092e-07,270451800.0
17,1.13061e-06,324361100.0
18,7.15177e-07,277230500.0
19,1.6369e-07,249636700.0
20,3.57871e-07,263136400.0
21,5.29184e-07,276065800.0
22,2.4903e-07,180879500.0
23,1.56397e-07,212753400.0
24,1.77065e-07,200015600.0
25,2.355e-07,173610500.0
26,9.31944e-07,183227900.0
27,4.85603e-08,174154900.0
28,2.6457e-06,174318400.0
29,1.67988e-07,230698400.0
30,1.35279e-06,260041500.0
31,1.80776e-07,233737100.0
32,1.08922e-06,251022000.0
33,4.24967e-06,291779500.0
34,2.41528e-06,257889300.0
35,1.62578e-05,223585800.0
36,7.78566e-08,263270300.0
37,7.37159e-08,280018900.0
38,6.90603e-08,209273500.0
39,7.39494e-08,177886700.0
40,5.63349e-08,184630100.0
41,9.0182e-07,179233700.0
42,8.86401e-08,188190600.0
43,3.79921e-07,173744400.0
44,4.85887e-07,183692000.0
45,2.29133e-07,179420600.0
46,8.59909e-08,188225400.0
47,3.64121e-06,222755200.0
48,1.35708e-07,263155500.0
49,1.03247e-07,268889500.0
50,8.17116e-07,280260300.0
51,2.69212e-07,274648200.0
52,3.61025e-07,254332400.0
53,6.17941e-08,289667300.0
54,2.51377e-06,316773200.0
55,1.42651e-07,214565600.0
56,5.59751e-07,196919200.0
57,5.88289e-06,176558400.0
58,3.93979e-07,175410200.0
59,1.64322e-06,188619200.0
60,3.41574e-07,173684600.0
61,1.93688e-05,186901600.0
62,2.18913e-07,197360300.0
63,9.58799e-08,260925500.0
64,2.2963e-07,223635500.0
65,1.18982e-06,245728700.0
66,1.23529e-06,265879000.0
67,2.80398e-07,287142800.0
68,8.00237e-08,209662700.0
69,8.3238e-07,250562100.0
70,5.15219e-07,248711400.0
71,1.16715e-07,276698000.0
72,1.40222e-05,270623500.0
73,3.55491e-06,174162100.0
74,4.31726e-08,176816700.0
75,1.12896e-06,173717900.0
76,1.86679e-07,176107200.0
77,3.15983e-08,174428800.0
78,3.00022e-07,190288400.0
79,2.02925e-07,252201400.0
80,4.72302e-06,264852800.0
81,1.07085e-07,244944600.0
82,3.33349e-06,280980500.0
83,2.08692e-07,273969500.0
84,1.06386e-06,249887000.0
85,5.47915e-08,254695300.0
86,1.46233e-07,278511100.0
87,1.0274e-06,243330000.0
88,1.68924e-07,211371300.0
89,1.12352e-06,176679800.0
90,3.87232e-07,189051200.0
91,6.82574e-08,178690000.0
92,5.31557e-07,174594200.0
93,1.41972e-06,174399000.0
94,1.56866e-07,205022900.0
95,3.99508e-08,247575100.0
96,4.84864e-07,250107900.0
97,1.34557e-07,257400600.0
98,1.36864e-06,222337100.0
99,1.8582e-06,232815400.0
0,1.41831e-07,247768400.0
1,3.93562e-07,264482900.0
2,2.09839e-07,240795000.0
3,3.87634e-07,310118700.0
4,1.8095e-07,274014500.0
5,3.45754e-08,219979200.0
6,4.36585e-07,181458800.0
7,3.8809e-06,173462900.0
8,1.29888e-07,173203700.0
9,6.70432e-08,173220100.0
10,6.18069e-07,173608500.0
11,5.43019e-08,184043600.0
12,9.34875e-07,238134100.0
13,2.50652e-05,280563200.0
14,1.14392e-07,264310100.0
15,1.13428e-06,281257900.0
16,5.79498e-07,318508100.0
17,6.5574e-07,269863700.0
18,2.42189e-07,259551900.0
19,9.20036e-07,271817700.0
20,1.57984e-07,269328800.0
21,4.71443e-06,182949200.0
22,1.84974e-07,186359400.0
23,1.83627e-06,181856100.0
24,2.01401e-07,173965200.0
25,9.07644e-07,173356100.0
26,8.11327e-08,174017400.0
27,1.19568e-07,175815600.0
28,1.014e-07,201123000.0
29,1.57969e-07,272617800.0
30,2.43072e-06,241110700.0
31,2.06403e-07,322046900.0
32,2.35033e-08,308467200.0
33,1.19033e-07,315591600.0
34,2.50082e-07,277787400.0
35,4.00735e-07,293108900.0
36,8.75215e-08,296734800.0
37,1.73882e-07,245509900.0
38,7.18658e-08,221913300.0
39,8.6066e-07,247032300.0
40,9.53606e-07,219429700.0
41,1.51185e-07,215740400.0
42,2.19463e-07,216651400.0
43,2.79566e-07,260510600.0
44,3.70767e-07,277183000.0
45,5.82812e-07,289599000.0
46,1.93746e-07,303642500.0
47,1.22265e-06,297024900.0
48,1.10983e-06,296217400.0
49,2.52365e-07,283751300.0
50,8.83357e-08,329086400.0
51,8.29717e-07,245980500.0
52,2.10863e-07,249933900.0
53,6.66564e-07,210986000.0
54,4.32947e-07,174844500.0
55,5.73744e-08,179196500.0
56,2.00681e-07,215827400.0
57,9.21462e-08,197778700.0
58,8.51093e-07,224406600.0
59,8.93396e-08,277086500.0
60,1.83103e-07,265638600.0
61,7.27585e-07,285395500.0
62,1.62192e-06,307711900.0
63,1.25066e-06,265157200.0
64,1.62784e-07,232762700.0
65,9.9006e-06,206537400.0
66,7.62971e-07,203939900.0
67,1.00527e-07,174295000.0
68,8.19098e-08,174382500.0
69,6.05616e-08,173179700.0
70,8.53701e-08,173215600.0
71,4.12549e-07,173214600.0
72,4.95354e-08,173185200.0
73,1.12165e-06,173162500.0
74,5.94316e-07,173314700.0
75,2.04975e-06,173885800.0
76,1.34421e-05,173817800.0
77,1.23958e-07,173657800.0
78,4.44677e-07,173269100.0
79,4.54145e-06,174319000.0
80,5.37093e-07,173984400.0
81,1.45862e-07,173253900.0
82,9.10685e-11,175710000.0
83,1.42311e-07,173252600.0
84,1.48885e-07,173158400.0
85,3.28543e-07,173130300.0
86,7.22748e-08,173203700.0
87,1.95571e-07,173221600.0
88,2.28574e-06,173154100.0
89,5.62554e-07,173804800.0
90,5.44792e-07,175589400.0
91,9.95982e-08,174884300.0
92,2.37548e-07,174283500.0
93,5.31532e-07,179816500.0
94,1.77046e-07,173224000.0
95,9.57197e-07,173977200.0
96,2.20149e-07,175416100.0
97,3.3825e-06,173482600.0
98,6.68515e-07,173256100.0
99,8.04156e-07,173247400.0
0,2.62082e-07,173120300.0
1,9.09498e-07,173520700.0
2,1.41937e-07,174883100.0
3,1.67535e-07,174188100.0
4,1.12012e-06,173220900.0
5,1.27016e-06,173187100.0
6,2.45369e-07,173219600.0
7,1.56605e-07,176150800.0
8,2.14277e-07,173984800.0
9,1.61042e-07,174026400.0
10,5.09047e-07,173602400.0
11,1.55702e-07,174153200.0
12,1.19977e-06,173443800.0
13,5.07734e-07,173167000.0
14,1.70871e-07,174021100.0
15,5.96861e-08,174018700.0
16,4.51162e-08,173304300.0
17,1.06835e-07,173671700.0
18,4.22603e-08,183306800.0
19,1.08554e-07,209270500.0
20,4.42865e-07,215008700.0
21,5.7993e-07,188799400.0
22,2.34296e-06,195184900.0
23,7.84333e-07,256003500.0
24,6.50156e-07,196563900.0
25,2.53326e-07,175823900.0
26,9.28834e-07,179527300.0
27,3.00665e-07,174484300.0
28,5.66426e-07,184656500.0
29,6.80741e-08,217824500.0
30,2.79177e-06,250054400.0
31,5.93429e-06,235604200.0
32,8.68244e-08,252629900.0
33,2.95089e-07,250080200.0
34,2.08658e-07,256644700.0
35,8.41661e-07,278395400.0
36,5.7235e-06,272343400.0
37,1.13812e-12,269968300.0
38,1.77968e-06,178815900.0
39,6.06563e-07,182101100.0
40,2.20116e-07,175845200.0
41,3.93873e-08,173758400.0
42,1.93253e-07,173196400.0
43,7.04689e-14,181092400.0
44,1.39475e-06,200848500.0
45,3.8785e-07,223053800.0
46,3.52213e-07,260491600.0
47,4.35751e-07,285248700.0
48,7.57204e-07,249102200.0
49,2.09618e-06,307976100.0
50,1.50968e-07,234321100.0
51,6.09424e-07,298801800.0
52,4.39077e-08,252280400.0
53,1.83511e-07,261303000.0
54,6.9779e-06,225969700.0
55,3.84643e-07,175062400.0
56,5.02139e-06,181948700.0
57,2.86206e-07,179508000.0
58,4.74829e-07,173836600.0
59,2.33858e-08,173584500.0
60,9.65188e-07,205882000.0
61,7.70569e-07,263019400.0
62,5.10794e-08,277957400.0
63,1.36193e-07,294965700.0
64,7.73252e-08,257573800.0
65,7.10258e-07,283377900.0
66,3.01384e-07,261029400.0
67,2.26666e-06,327193300.0
68,1.76447e-07,256981700.0
69,3.7805e-07,265657500.0
70,1.21601e-07,223495600.0
71,4.47768e-08,197285700.0
72,1.86411e-06,188258600.0
73,8.076e-08,209016500.0
74,4.67614e-07,174309600.0
75,1.13061e-06,179244500.0
76,4.59999e-07,213576800.0
77,2.67744e-06,214889600.0
78,9.29071e-08,253066900.0
79,2.52306e-07,281079800.0
80,2.30896e-07,280491900.0
81,2.72122e-06,242467800.0
82,9.29599e-07,248786100.0
83,1.69286e-06,254679500.0
84,2.2239e-06,274349100.0
85,7.19961e-14,312323800.0
86,8.1864e-08,198149600.0
87,7.47939e-07,179609700.0
88,3.60764e-07,174851100.0
89,3.58529e-07,174046300.0
90,2.71401e-07,173468000.0
91,3.67149e-07,178024600.0
92,1.53171e-13,180992100.0
93,3.1182e-07,206913900.0
94,1.2909e-07,195548500.0
95,2.16224e-06,211164800.0
96,1.29924e-07,233481600.0
97,5.78871e-14,219508000.0
98,2.78468e-08,319273500.0
99,3.03093e-07,267887400.0
0,2.34252e-05,1522730700.0
1,2.47776e-06,1543604400.0
2,9.05254e-07,1810764900.0
3,2.96674e-07,1288170200.0
4,7.08523e-07,1851225000.0
5,2.41454e-06,1513284600.0
6,5.27302e-07,1563549600.0
7,4.36609e-07,1847990600.0
8,3.87055e-06,1347003800.0
9,3.20838e-06,1802222600.0
10,5.50123e-06,1367832300.0
11,3.02534e-06,1592559400.0
12,3.83825e-06,1706197400.0
13,7.55841e-06,1222931500.0
14,4.63629e-06,1816211400.0
15,4.5812e-06,1403410200.0
16,3.96553e-06,1552570200.0
17,2.19728e-06,1635804700.0
18,3.4413e-06,1352887700.0
19,1.13307e-06,1814971400.0
20,2.68213e-06,1398930500.0
21,1.24623e-06,1609189500.0
22,4.30242e-06,1644773600.0
23,4.09912e-07,1365025500.0
24,4.84752e-07,1839326500.0
25,7.05757e-06,1342862000.0
26,7.00406e-06,1586909900.0
27,8.93534e-07,1705556700.0
28,2.83142e-06,1552409300.0
29,9.27334e-07,1924853600.0
30,5.60401e-07,1288314900.0
31,7.71888e-06,1914984500.0
32,0.000329236,1588895400.0
33,9.32997e-07,1744553800.0
34,1.3444e-06,1707651800.0
35,4.90907e-06,1273920900.0
36,5.25169e-07,1834882400.0
37,2.86866e-06,1311082500.0
38,1.19152e-05,1613744200.0
39,1.9921e-06,1672418000.0
40,2.80282e-06,1292995800.0
41,1.72352e-06,1810449700.0
42,6.94573e-05,1374224900.0
43,7.32166e-06,1788982200.0
44,1.43582e-06,1561518000.0
45,1.74114e-06,1644263500.0
46,3.17471e-06,1804792800.0
47,5.41071e-06,1388892600.0
48,2.24287e-06,1720735300.0
49,1.64469e-06,1504837300.0
50,2.20626e-06,1540575100.0
51,0.000168517,1925219700.0
52,3.96256e-06,1416405100.0
53,5.13905e-06,1688901800.0
54,1.93856e-06,1434450400.0
55,3.69758e-07,1349992500.0
56,6.13526e-07,1222600700.0
57,5.25594e-07,1196750500.0
58,3.99849e-07,1197538500.0
59,8.16722e-07,1223298500.0
60,9.55177e-06,1200230400.0
61,4.32569e-07,1198997900.0
62,3.25605e-06,1197877500.0
63,3.90751e-06,1224290900.0
64,3.55148e-06,1732602600.0
65,1.69663e-05,1292265900.0
66,1.2652e-05,1621116400.0
67,3.84701e-07,1569956200.0
68,4.98763e-07,1405645300.0
69,1.25451e-05,1884607300.0
70,7.58308e-07,1223008000.0
71,9.42996e-06,1733974900.0
72,3.82509e-06,1366491900.0
73,2.13826e-07,1413315500.0
74,8.67339e-07,1602229800.0
75,7.74477e-07,1364075900.0
76,5.75073e-07,1411233300.0
77,1.06229e-06,1639082400.0
78,1.11367e-05,1243951900.0
79,5.90316e-07,1739295000.0
80,5.30584e-06,1422673800.0
81,4.48871e-06,1415826300.0
82,2.50835e-05,1597166900.0
83,1.80459e-05,1301593000.0
84,0.000183075,1472195200.0
85,9.86709e-06,1597896000.0
86,7.64167e-06,1338127200.0
87,3.93145e-06,1728528900.0
88,2.02571e-06,1330277600.0
89,3.63505e-06,1901189500.0
90,5.4753e-07,1803121300.0
91,3.17672e-06,1496041300.0
92,2.65701e-06,1872864600.0
93,1.30324e-06,1245650500.0
94,2.25096e-05,1775774500.0
95,2.23401e-06,1386835300.0
96,2.01744e-05,1295383600.0
97,1.34232e-06,1677338100.0
98,1.31063e-05,1334955000.0
99,2.32598e-06,1741639900.0
0,9.87588e-07,1568569800.0
1,1.16504e-06,1254783200.0
2,2.825e-07,1653035300.0
3,8.47722e-07,1298187200.0
4,2.26237e-07,1708178000.0
5,1.10781e-06,1657487600.0
6,2.65076e-05,1293367500.0
7,7.9147e-07,1852124100.0
8,2.04405e-06,1358148500.0
9,6.01113e-07,1667116000.0
10,3.10551e-07,1556916900.0
11,3.76362e-07,1344611300.0
12,2.03429e-05,1576154300.0
13,9.80525e-06,1459251000.0
14,5.35235e-07,1510547500.0
15,2.37721e-05,1667251500.0
16,5.6743e-06,1243742300.0
17,8.26903e-06,1773601800.0
18,2.27094e-06,1509375100.0
19,1.31483e-06,1531094500.0
20,2.15779e-06,1825479900.0
21,1.6739e-06,1416042300.0
22,1.04011e-06,1853659600.0
23,7.10997e-07,1336716100.0
24,7.82432e-06,1610114700.0
25,6.07005e-05,1510808200.0
26,9.66164e-07,1373277000.0
27,2.48922e-05,1514916900.0
28,1.18285e-05,1392994800.0
29,1.00203e-06,1634013400.0
30,2.16211e-06,1725373900.0
31,2.06331e-06,1359910900.0
32,8.88837e-07,1744518100.0
33,7.38067e-07,1450913600.0
34,3.62919e-07,1530095100.0
35,4.31825e-06,1593158100.0
36,2.33711e-06,1246068700.0
37,3.94485e-07,1801080400.0
38,5.68641e-10,1604345400.0
39,8.46294e-07,1655496700.0
40,9.09305e-07,1755831800.0
41,3.01758e-06,1363666100.0
42,5.86071e-06,1712860700.0
43,7.14026e-07,1483384000.0
44,2.29117e-07,1647370800.0
45,1.4703e-05,1630706700.0
46,1.84436e-06,1227467000.0
47,1.14403e-05,1734783300.0
48,3.00191e-05,1330493400.0
49,1.03826e-05,1371449100.0
50,4.80856e-05,1675174000.0
51,6.76122e-05,1309141200.0
52,5.80381e-05,1721353100.0
53,1.50433e-06,1602740900.0
54,2.80015e-06,1508966600.0
55,6.10069e-06,1796699100.0
56,1.03127e-06,1383332400.0
57,8.44708e-05,1599849600.0
58,1.26958e-06,1397337500.0
59,1.45885e-06,1479391400.0
60,5.04555e-07,1747834900.0
61,0.000115111,1216056900.0
62,2.11309e-06,1566475400.0
63,3.10121e-06,1526627800.0
64,2.50387e-06,1374441500.0
65,6.46042e-06,1812777100.0
66,9.86783e-05,1455829700.0
67,1.55756e-06,1816396000.0
68,3.8784e-06,1484721000.0
69,5.11421e-06,1727799700.0
70,1.52814e-06,1788166600.0
71,5.52022e-07,1539683800.0
72,3.78887e-06,1730622300.0
73,3.55149e-05,1340561400.0
74,1.00544e-05,1604086800.0
75,1.18838e-06,1660909400.0
76,5.83348e-07,1359975900.0
77,0.000203953,1803940400.0
78,0.000152792,1300863000.0
79,6.27961e-07,1569015500.0
80,3.88985e-06,1701733800.0
81,4.01542e-07,1515170200.0
82,4.23658e-07,1968403700.0
83,1.11282e-06,1485671500.0
84,1.48478e-05,2014911000.0
85,3.94775e-07,1538042700.0
86,4.59318e-06,1707711300.0
87,7.39671e-06,1512140600.0
88,2.05861e-06,1394570200.0
89,2.01455e-05,1842875700.0
90,3.73731e-07,1268133900.0
91,6.12108e-06,1746233400.0
92,2.40294e-06,1499902500.0
93,4.77962e-06,1523341600.0
94,1.53326e-06,1694887700.0
95,3.69814e-05,1362812000.0
96,2.95755e-05,1849080200.0
97,6.84059e-06,1482170400.0
98,7.05147e-06,1563727600.0
99,4.25296e-06,1751236000.0
0,2.38684e-05,1366625100.0
1,1.04295e-06,1408831400.0
2,4.08684e-07,1230950800.0
3,5.39456e-07,1209247000.0
4,1.62025e-05,1200972800.0
5,5.49725e-07,1213212700.0
6,8.69944e-06,1232003900.0
7,2.23241e-06,1198954900.0
8,1.0937e-06,1195357700.0
9,9.32419e-07,1389826100.0
10,7.30693e-06,1432204500.0
11,0.000404777,1406242700.0
12,4.33221e-07,1707279200.0
13,5.83011e-07,1248479200.0
14,1.43294e-06,1445953000.0
15,6.39341e-07,1631751500.0
16,5.4663e-05,1225920200.0
17,1.93838e-05,1718291800.0
18,1.26208e-06,1270715500.0
19,5.18252e-06,1743803200.0
20,2.28665e-05,1600608500.0
21,1.12848e-06,1386766200.0
22,2.96483e-07,1730245600.0
23,2.2711e-06,1407142400.0
24,3.34162e-07,1409341900.0
25,5.52821e-07,1575181600.0
26,1.08715e-06,1349977100.0
27,1.13581e-06,1769660500.0
28,4.91477e-07,1395860300.0
29,7.82059e-06,1687845200.0
30,1.49632e-06,1789355900.0
31,2.90363e-05,1425692100.0
32,6.17127e-07,1798625900.0
33,1.3532e-06,1324399500.0
34,8.87601e-06,1686948300.0
35,4.96538e-06,1700889700.0
36,0.000109541,1456002500.0
37,1.49291e-05,1635241600.0
38,1.94325e-05,1439124400.0
39,3.61835e-06,1412434900.0
40,9.70407e-06,1591821500.0
41,3.75815e-05,1224589100.0
42,3.26834e-05,1821011700.0
43,2.83853e-06,1464740200.0
44,1.124e-06,1448103800.0
45,7.99436e-06,1743275700.0
46,1.97371e-07,1284517800.0
47,1.05038e-06,1664012100.0
48,9.3562e-07,1408653400.0
49,1.32373e-06,1286279300.0
50,3.04701e-06,1641203300.0
51,1.1443e-06,1239209500.0
52,2.29847e-06,1542599300.0
53,1.51188e-06,1580437100.0
54,1.0193e-05,1349094800.0
55,3.14779e-05,1770869400.0
56,6.71597e-07,1358035500.0
57,6.40498e-07,1889630400.0
58,1.21789e-05,1747001200.0
59,3.42011e-07,1669636400.0
60,1.1832e-06,1935287200.0
61,2.49787e-06,1379518200.0
62,1.46223e-06,1975477400.0
63,5.19795e-07,1211534900.0
64,1.34414e-06,1633144500.0
65,8.99794e-07,1553400500.0
66,1.45097e-05,1200631300.0
67,1.2153e-05,1200550400.0
68,6.15103e-07,1212029400.0
69,7.60335e-07,1219357900.0
70,6.47901e-07,1210231600.0
71,6.84526e-06,1211984700.0
72,9.52163e-07,1199614600.0
73,1.56543e-06,1201570900.0
74,3.26339e-07,1705573500.0
75,9.37893e-07,1725642300.0
76,3.73278e-06,1327486700.0
77,2.00134e-07,1575393100.0
78,2.30397e-05,1618249700.0
79,1.34511e-05,1220567900.0
80,3.57392e-06,1200244400.0
81,2.49797e-06,1201465300.0
82,3.08543e-06,1198159700.0
83,1.80515e-05,1260078100.0
84,6.50562e-07,1796568900.0
85,3.7345e-07,1339115400.0
86,3.73693e-06,1684606600.0
87,3.65841e-06,1481743900.0
88,1.33877e-05,1487121700.0
89,0.000155293,1683306500.0
90,2.09377e-05,1210618800.0
91,4.45468e-07,1701598000.0
92,6.82932e-07,1500693100.0
93,3.92178e-07,1416961100.0
94,5.50052e-06,1722340100.0
95,9.06619e-06,1343638200.0
96,3.8186e-06,1573126300.0
97,2.39166e-06,1618261600.0
98,2.27016e-06,1256231400.0
99,3.92914e-06,1771528400.0
0,7.9694e-07,1313943400.0
1,5.23162e-07,1498851900.0
2,7.95999e-07,1473758300.0
3,7.70425e-05,1377227000.0
4,1.95919e-06,1865904300.0
5,6.49816e-06,1372077500.0
6,1.35342e-05,1544672300.0
7,4.33039e-05,1594643100.0
8,2.95986e-07,1210839200.0
9,2.76613e-06,1202218900.0
10,1.99304e-05,1204375600.0
11,1.27562e-05,1203965400.0
12,1.41335e-06,1199809200.0
13,9.59132e-12,1213751600.0
14,1.46199e-06,1199944100.0
15,3.18982e-07,1200658600.0
16,5.48299e-06,1305956900.0
17,2.84062e-07,1741572100.0
18,1.93656e-06,1436639200.0
19,7.34405e-05,1489988000.0
20,6.8193e-07,1682228400.0
21,1.02913e-05,1239840300.0
22,5.22539e-07,1729937000.0
23,1.62618e-05,1435185200.0
24,9.63915e-07,1279753300.0
25,2.53693e-07,1580593600.0
26,2.15678e-06,1370322900.0
27,1.28031e-06,1413963000.0
28,6.52189e-07,1642427000.0
29,6.82879e-07,1237238800.0
30,1.11319e-06,1753279500.0
31,5.11155e-07,1514541600.0
32,1.30572e-06,1306887700.0
33,6.21384e-07,1696326400.0
34,1.52963e-06,1259755500.0
35,1.80836e-06,1488578600.0
36,3.06215e-06,1547811400.0
37,4.02524e-07,1262194900.0
38,5.81227e-07,1515816900.0
39,5.78871e-06,1510992400.0
40,8.02913e-07,1238061300.0
41,2.01825e-05,1693357200.0
42,3.82518e-05,1318789900.0
43,6.57263e-13,1836229100.0
44,1.78502e-05,1409308400.0
45,3.49618e-06,1535276300.0
46,5.14418e-06,1709387000.0
47,1.1397e-06,1276093800.0
48,2.58566e-05,1598307600.0
49,2.76042e-05,1598230400.0
50,1.72938e-06,1429780100.0
51,8.47504e-06,1912915600.0
52,3.20038e-05,1236784000.0
53,6.66696e-06,1650952100.0
54,1.70217e-06,1519832500.0
55,1.88739e-06,1333122200.0
56,8.7102e-06,1650302400.0
57,1.36802e-06,1354797300.0
58,4.83423e-06,1573435600.0
59,1.19739e-06,1801218100.0
60,7.55163e-07,1491345300.0
61,1.09458e-06,1867452900.0
62,9.88032e-06,1495057100.0
63,2.15971e-07,1758745400.0
64,4.54867e-06,1558097300.0
65,7.89734e-07,1355985400.0
66,2.64486e-06,1755120000.0
67,1.3749e-05,1267370300.0
68,1.23532e-06,1525451200.0
69,2.56086e-07,1516194300.0
70,1.5777e-06,1393014100.0
71,6.92584e-07,1814505900.0
72,1.00419e-05,1295499400.0
73,2.23513e-07,1925054100.0
74,1.70333e-06,1502526700.0
75,4.50136e-06,1768887500.0
76,6.04713e-06,1685633800.0
77,3.19277e-07,1431616800.0
78,4.67995e-06,1753328600.0
79,3.86042e-07,1385172600.0
80,2.29893e-05,1574753100.0
81,1.67767e-06,1656859000.0
82,9.90776e-07,1442041100.0
83,5.85098e-07,1756484100.0
84,9.39319e-07,1435166900.0
85,8.04462e-07,1716139500.0
86,5.5542e-06,1755164600.0
87,6.50882e-07,1498837200.0
88,1.99339e-07,1808762400.0
89,4.57705e-07,1294010300.0
90,3.42889e-06,1715807600.0
91,6.53702e-06,1612855900.0
92,1.6232e-05,1254346500.0
93,7.25461e-07,1206233000.0
94,7.18568e-06,1206037600.0
95,4.14918e-12,1225451900.0
96,8.648e-07,1218529100.0
97,8.07467e-06,1199252400.0
98,1.58785e-12,1215254800.0
99,5.03878e-07,1209304400.0
0,1.64081e-06,1510691800.0
1,1.01886e-13,1763548900.0
2,1.46588e-06,1400051100.0
3,4.65324e-06,1936544700.0
4,8.34816e-07,1435807600.0
5,8.82209e-06,1708109300.0
6,3.17275e-06,1603890100.0
7,4.80115e-13,1436975600.0
8,8.78608e-07,1758832800.0
9,6.62828e-06,1230763000.0
10,2.04362e-07,1719942800.0
11,1.46698e-06,1494166100.0
12,1.63052e-13,1557508500.0
13,3.8975e-13,1797593900.0
14,3.25106e-07,1240520200.0
15,4.75946e-07,1851584400.0
16,1.77792e-06,1476885900.0
17,8.00727e-06,1636778700.0
18,1.46529e-13,1734388100.0
19,6.87029e-12,1359942400.0
20,9.05521e-07,1779917400.0
21,8.64988e-07,1515028600.0
22,3.40944e-07,1672352800.0
23,1.10925e-12,1783580900.0
24,2.3847e-06,1534767100.0
25,7.49864e-06,1719482100.0
26,5.92926e-07,1329952300.0
27,7.38357e-07,1631504200.0
28,9.24326e-07,1593413000.0
29,4.52687e-06,1434098400.0
30,1.79476e-06,1835864800.0
31,2.18996e-06,1434064800.0
32,4.9153e-07,1845497500.0
33,2.49279e-13,1560675000.0
34,6.13901e-07,1571352700.0
35,1.13403e-06,1765159900.0
36,4.66125e-07,1446843400.0
37,2.94996e-06,1817589100.0
38,1.3128e-06,1286888100.0
39,3.83638e-07,1799443500.0
40,9.27425e-07,1538554100.0
41,3.06266e-13,1568711800.0
42,5.87358e-07,1627046500.0
43,1.02523e-06,1206649700.0
44,4.48248e-12,1207302300.0
45,1.508e-06,1210505700.0
46,5.06805e-07,1199780800.0
47,2.8429e-06,1215970200.0
48,3.48198e-06,1197283900.0
49,8.57178e-07,1211086000.0
50,8.11055e-07,1274677000.0
51,2.29813e-13,1339487900.0
52,1.00064e-06,1878076900.0
53,4.0009e-06,1559552900.0
54,7.53604e-07,1682487800.0
55,3.25294e-13,1894410800.0
56,2.97667e-06,1515488700.0
57,5.16193e-06,1847225300.0
58,3.29993e-06,1318281300.0
59,8.25978e-07,1726884700.0
60,6.80123e-06,1496518400.0
61,2.61636e-06,1424530700.0
62,7.50828e-06,1783408300.0
63,1.40963e-13,1315005600.0
64,4.20509e-06,1729486900.0
65,3.91957e-06,1548934800.0
66,1.94462e-13,1565954500.0
67,4.80134e-06,1658295700.0
68,6.85733e-13,1289239500.0
69,9.97191e-07,1622922600.0
70,4.40174e-14,1631744800.0
71,4.96712e-07,1696870300.0
72,2.7088e-06,1762724100.0
73,5.18716e-06,1589798500.0
74,2.05597e-09,1812304700.0
75,8.02646e-13,1283836800.0
76,5.02417e-06,1204120400.0
77,1.58563e-12,1212786900.0
78,4.57217e-07,1198126300.0
79,3.25684e-06,1199298400.0
80,5.22781e-06,1205191900.0
81,5.17102e-13,1239928800.0
82,5.20849e-07,1276370400.0
83,4.10948e-07,1314965200.0
84,3.34917e-06,1691286100.0
85,3.2511e-06,1454505500.0
86,5.15339e-06,1431441900.0
87,1.51377e-06,1673549300.0
88,1.62735e-13,1328031700.0
89,5.83442e-07,1490850100.0
90,1.39651e-06,1534396400.0
91,1.17105e-06,1340320300.0
92,4.08544e-06,1766085900.0
93,4.44082e-06,1367422500.0
94,1.19467e-06,1651780200.0
95,8.41201e-07,1585644600.0
96,1.32707e-06,1396493800.0
97,7.26972e-13,1727414700.0
98,4.85836e-06,1364229400.0
99,6.87142e-07,1422588000.0
0,1.23468e-05,10835092600.0
1,0.000151267,11485281000.0
2,1.24385e-05,11583603600.0
3,1.1557e-05,11614090100.0
4,4.65868e-06,11325060700.0
5,2.15796e-05,10663621500.0
6,5.77624e-05,10963668500.0
7,6.92836e-06,11218974300.0
8,3.00461e-06,11197721300.0
9,7.37072e-06,11125772000.0
10,4.3631e-06,11286016300.0
11,2.99967e-06,11533023700.0
12,8.25399e-06,11538177000.0
13,4.10581e-05,10896592900.0
14,0.000321989,11713137700.0
15,0.000283311,11237122600.0
16,4.54785e-05,11446523600.0
17,2.03073e-06,10944849900.0
18,1.635e-05,10678113200.0
19,5.75225e-06,10719391500.0
20,3.70717e-05,11104777900.0
21,5.95244e-05,11192912000.0
22,4.84884e-06,11682857600.0
23,2.70152e-06,10942093900.0
24,5.75328e-06,10916001100.0
25,0.00182778,11575141500.0
26,1.8527e-05,11170001100.0
27,1.87001e-06,11083197400.0
28,3.53614e-06,11592741600.0
29,2.40736e-05,10924259200.0
30,0.000106997,10838490900.0
31,3.22539e-05,10646536900.0
32,1.95124e-05,11210044400.0
33,5.11449e-05,11123282700.0
34,1.31115e-05,11701263300.0
35,0.00117167,11155757100.0
36,6.84493e-06,11213260600.0
37,1.12063e-05,11161033000.0
38,4.87617e-06,11286253900.0
39,1.01872e-05,11384464700.0
40,0.000184678,13104096900.0
41,7.26099e-06,11147988600.0
42,5.35055e-06,10795048000.0
43,8.31823e-06,11732565600.0
44,0.000365278,11366844300.0
45,6.04255e-06,11230951700.0
46,1.43742e-05,10982323100.0
47,2.05413e-05,11313025700.0
48,1.63476e-05,10729586500.0
49,2.61604e-05,11167911300.0
50,4.20056e-05,10758162100.0
51,2.72136e-05,11294060700.0
52,3.73111e-05,11229443300.0
53,0.000592057,10706161700.0
54,3.53894e-06,11413272400.0
55,5.36055e-06,11314298800.0
56,4.64304e-06,11562019900.0
57,2.34578e-05,11381206000.0
58,5.80568e-06,10734206400.0
59,0.000129193,11216849500.0
60,5.69545e-06,10690763400.0
61,7.7742e-05,10921454400.0
62,8.70916e-06,11423349700.0
63,0.000305297,10934769600.0
64,7.21215e-06,11288774100.0
65,5.21487e-05,11311690900.0
66,0.000222204,11408781200.0
67,2.21227e-06,11416325700.0
68,1.23416e-05,8954727200.0
69,1.84129e-06,11885878900.0
70,1.75457e-05,10782907200.0
71,5.20854e-05,10594501100.0
72,5.10696e-06,10965701700.0
73,6.01593e-06,11126414400.0
74,9.6016e-06,10811927100.0
75,5.33445e-06,11050042300.0
76,7.7541e-06,11121920100.0
77,1.92027e-06,11629870200.0
78,2.23645e-05,11270443400.0
79,2.71278e-06,11781807900.0
80,2.83963e-06,11649373400.0
81,6.28235e-05,12156508300.0
82,1.08668e-05,11570187200.0
83,0.00596324,12008671800.0
84,6.22177e-06,11583221700.0
85,4.44679e-05,11490161300.0
86,2.58239e-06,11198768200.0
87,1.22601e-06,11184482300.0
88,1.81034e-06,11673060800.0
89,6.19711e-06,11578925400.0
90,1.10023e-05,11134704200.0
91,1.99484e-05,11136614500.0
92,3.2054e-06,11310569100.0
93,1.10855e-05,11959119300.0
94,2.04957e-05,11798112000.0
95,2.14652e-05,11319588700.0
96,8.9807e-06,11632331500.0
97,3.52459e-05,11492125800.0
98,3.28374e-06,11545307000.0
99,5.7144e-06,11368149700.0
0,1.95847e-05,11238754600.0
1,0.000115534,12190457300.0
2,1.88414e-05,11799345500.0
3,0.00018334,11623981300.0
4,3.64307e-06,10959823900.0
5,3.99049e-06,12265800600.0
6,1.38298e-06,11188297300.0
7,0.000292079,10892643500.0
8,1.78975e-05,11552799600.0
9,1.81293e-06,11594311200.0
10,5.8525e-05,11729087300.0
11,4.91613e-06,11275382300.0
12,2.22698e-05,11213938700.0
13,7.53116e-05,11594812000.0
14,1.87745e-05,11912700900.0
15,0.00359711,11451396700.0
16,3.25408e-06,11542943700.0
17,0.000293782,11506692400.0
18,2.10503e-05,12377285200.0
19,4.38024e-05,12036789500.0
20,6.48419e-06,11469838700.0
21,6.83186e-06,11023552800.0
22,5.84351e-06,11916638600.0
23,4.93173e-05,11397693900.0
24,7.85213e-06,12255570300.0
25,7.94476e-06,11903645400.0
26,0.00176795,11240060300.0
27,1.18389e-05,11663169500.0
28,1.43181e-05,11466755600.0
29,1.7324e-05,12877259800.0
30,1.12736e-05,11031248000.0
31,3.97079e-05,11614489400.0
32,3.72175e-05,11575097400.0
33,7.46929e-06,11648997100.0
34,1.63555e-05,11823216300.0
35,0.000306151,11261815900.0
36,6.17847e-06,11408393000.0
37,2.10015e-05,11685980400.0
38,4.20415e-06,11940143100.0
39,1.06851e-05,11184013100.0
40,1.35197e-05,11636703500.0
41,0.000302303,11449836000.0
42,2.87693e-06,11244359900.0
43,9.03644e-06,10904210800.0
44,1.15754e-05,11482894000.0
45,5.50933e-06,11656315100.0
46,5.80991e-06,11427671800.0
47,4.02719e-05,11221719600.0
48,2.93228e-05,11232176000.0
49,0.000174999,11401226300.0
50,6.36265e-05,11509465400.0
51,4.36859e-05,11968452700.0
52,1.08977e-05,10958740200.0
53,5.84471e-05,11599693200.0
54,2.41202e-06,11279689500.0
55,6.96611e-05,11927701100.0
56,0.00145694,11008771900.0
57,5.3486e-05,11908680700.0
58,6.79464e-06,11351703000.0
59,0.000515342,11847635400.0
60,2.74696e-06,11531944500.0
61,1.96271e-06,11301306300.0
62,1.86647e-06,11532312000.0
63,5.26501e-06,11871253200.0
64,4.49245e-06,11557860400.0
65,1.76676e-06,11624283500.0
66,3.37028e-06,11387593200.0
67,1.07251e-05,11640135100.0
68,1.66058e-06,11546640800.0
69,1.30759e-05,11227347500.0
70,3.57711e-06,11759851600.0
71,8.06583e-06,11396448500.0
72,4.37134e-05,11776330100.0
73,2.55869e-05,11248757600.0
74,0.000453935,11071178200.0
75,1.46455e-05,11756665500.0
76,5.1076e-06,11422407000.0
77,9.61732e-06,11818282100.0
78,7.78437e-06,11293893200.0
79,1.39525e-06,11724690200.0
80,4.5269e-05,11462011300.0
81,9.05779e-06,11701180900.0
82,0.0013308,11233381300.0
83,4.46299e-05,11636071900.0
84,1.14615e-05,12083737900.0
85,6.2048e-05,11300426400.0
86,1.40634e-05,11036282700.0
87,1.08908e-05,11211343800.0
88,3.21981e-06,12033983700.0
89,4.07164e-06,11452632700.0
90,8.38253e-05,11901980500.0
91,6.20357e-05,11391274400.0
92,0.000251699,12024473200.0
93,2.90438e-05,11833503100.0
94,5.49261e-06,11295032500.0
95,2.90444e-06,11285632000.0
96,7.08445e-05,11336075300.0
97,9.61715e-06,11286747800.0
98,0.000145569,10915451800.0
99,2.56046e-06,11236983300.0
0,3.24883e-05,11448222400.0
1,6.71095e-06,11920164900.0
2,7.05997e-06,12009445700.0
3,2.29549e-05,11533908900.0
4,4.70545e-06,11637048000.0
5,3.96243e-06,11483821800.0
6,2.12164e-05,11859145900.0
7,9.86067e-07,11293415400.0
8,6.63744e-06,10835026400.0
9,3.22341e-05,11921595200.0
10,4.59121e-05,11245231800.0
11,0.000636972,11252624700.0
12,7.3778e-05,11283989700.0
13,2.78925e-05,11556650400.0
14,3.89794e-06,11600630500.0
15,3.51119e-05,11568619100.0
16,5.07889e-06,11782437500.0
17,0.0001176,11699243700.0
18,2.24485e-05,11572897800.0
19,0.000548256,11538610700.0
20,2.44672e-06,11634223100.0
21,2.68659e-05,11344197100.0
22,1.76681e-05,11752675100.0
23,1.26783e-05,11223319900.0
24,5.80002e-06,11186586700.0
25,3.65851e-05,11150977300.0
26,5.68822e-06,12169550500.0
27,6.33682e-06,11385917700.0
28,0.00024549,11831717700.0
29,1.08082e-05,11397466900.0
30,5.16555e-06,11769711200.0
31,3.48865e-06,11654827800.0
32,1.22143e-05,11754906300.0
33,3.28904e-06,11476567300.0
34,0.000140027,11693664100.0
35,6.94414e-06,11403453000.0
36,2.49797e-06,11102441900.0
37,2.0325e-06,11848731300.0
38,0.000174826,11638502100.0
39,6.38505e-05,13131049700.0
40,1.31034e-05,8974445500.0
41,3.65006e-06,11405459600.0
42,3.93904e-10,11314284300.0
43,3.0815e-05,11180457700.0
44,1.15539e-05,11384129800.0
45,2.7197e-06,11589907800.0
46,2.43511e-06,11940219200.0
47,0.000231371,11791811100.0
48,7.59464e-06,11528051600.0
49,6.7212e-05,11784732400.0
50,8.67137e-06,11885331100.0
51,5.79005e-06,11915309700.0
52,5.31977e-06,11995820700.0
53,1.53206e-05,12068840000.0
54,4.53583e-05,12264357700.0
55,3.63272e-06,11999047200.0
56,0.000108178,12056906300.0
57,3.24908e-05,12105705800.0
58,4.73066e-06,12188420600.0
59,0.000137921,12125610700.0
60,0.000250859,11823586100.0
61,9.62893e-06,11931979400.0
62,3.86849e-06,11990043400.0
63,2.31168e-05,11997646900.0
64,7.22737e-06,11794585800.0
65,1.09374e-05,12006851800.0
66,0.000111875,12216413400.0
67,0.000930961,12130879200.0
68,3.5433e-06,11979123800.0
69,3.12448e-06,11901351600.0
70,3.2628e-06,12022199900.0
71,6.98899e-05,12052986900.0
72,6.1452e-06,11785159400.0
73,3.60894e-05,11810819400.0
74,5.96451e-06,12126807700.0
75,9.17138e-07,12131067500.0
76,1.22102e-05,11687039700.0
77,3.19784e-05,12161025400.0
78,3.95535e-06,12169097600.0
79,1.16647e-05,12422456200.0
80,5.01629e-06,12089275600.0
81,8.25408e-06,11820176900.0
82,0.000427649,12003702400.0
83,1.53044e-05,11937347500.0
84,9.66048e-06,11805691700.0
85,4.57224e-06,12048996600.0
86,2.76167e-06,11697076300.0
87,4.54719e-05,11811259900.0
88,3.58431e-05,11958794600.0
89,5.03108e-05,11947972300.0
90,3.3714e-06,11875475600.0
91,2.78955e-06,11956699400.0
92,8.40177e-06,11677220300.0
93,0.000214775,11858936500.0
94,2.4676e-05,11902799900.0
95,1.03145e-05,12202108000.0
96,4.62647e-05,11914409900.0
97,4.33246e-06,11866822800.0
98,0.000279368,11927121400.0
99,1.59502e-06,11890437400.0
0,4.01045e-06,11952559400.0
1,2.29765e-06,11952209100.0
2,4.60742e-05,11978938200.0
3,2.3014e-06,11679515800.0
4,5.76664e-05,11913897300.0
5,4.86539e-05,11974961900.0
6,5.42396e-06,12052369900.0
7,2.07316e-05,11931877400.0
8,7.94827e-06,12189883000.0
9,1.37915e-05,12059143200.0
10,8.48061e-06,11941655400.0
11,2.88802e-05,11980822700.0
12,4.46481e-06,12000939700.0
13,3.6535e-06,12291785700.0
14,1.37904e-12,11994752200.0
15,4.09204e-06,12004496100.0
16,7.68283e-06,11890133900.0
17,3.51678e-06,11877108100.0
18,3.01386e-05,12392787000.0
19,1.94459e-05,11830276800.0
20,1.17847e-12,11983602600.0
21,6.16461e-06,11925552600.0
22,6.53778e-12,11837687100.0
23,1.66749e-05,12243713500.0
24,7.02346e-12,11977248700.0
25,8.82812e-05,11932929100.0
26,4.11834e-06,11987861300.0
27,5.92238e-11,12055376000.0
28,1.38253e-06,12266118200.0
29,3.80577e-06,11998654400.0
30,7.52768e-12,11905613400.0
31,3.96578e-05,11984744800.0
32,3.30549e-05,12003993000.0
33,3.27823e-05,12333766900.0
34,1.89979e-06,11866434400.0
35,1.29705e-05,11954078000.0
36,6.39428e-05,11963551000.0
37,1.10225e-11,11773184800.0
38,2.62948e-11,12170441900.0
39,1.58393e-05,11953610200.0
40,6.70278e-06,11763500000.0
41,1.19022e-06,11847099300.0
42,2.19449e-06,11746677500.0
43,2.45156e-05,11994480100.0
44,1.81836e-05,11890472100.0
45,1.23749e-05,11909818700.0
46,7.98653e-06,12025598800.0
47,1.51935e-06,11852551900.0
48,5.53852e-06,12130398800.0
49,8.54918e-05,11916345300.0
50,4.5583e-05,11822238600.0
51,1.1371e-05,11988338100.0
52,4.48787e-06,12049809400.0
53,3.3974e-06,11977317800.0
54,2.0594e-05,11916370500.0
55,4.65722e-05,12061483600.0
56,9.58599e-06,11824433500.0
57,3.12986e-06,11884273400.0
58,8.30766e-06,11861520400.0
59,8.27209e-05,11937472500.0
60,1.26008e-06,12073401700.0
61,8.64085e-06,11802456100.0
62,4.47931e-06,12012301900.0
63,2.90695e-05,12045694300.0
64,3.19749e-06,11827750600.0
65,5.04125e-06,11848056400.0
66,4.31718e-05,11754479100.0
67,3.50913e-05,11876914700.0
68,1.1316e-05,11843934400.0
69,8.48461e-06,11871006300.0
70,4.4106e-06,12028655300.0
71,1.58468e-05,12034973900.0
72,3.902e-06,12030931400.0
73,1.17272e-05,11734865800.0
74,1.34954e-12,12052929000.0
75,4.07992e-05,11918900900.0
76,9.62751e-06,11886653700.0
77,1.17155e-05,12065949000.0
78,1.14506e-05,11841021500.0
79,2.34809e-06,11836140900.0
80,5.04681e-06,11900431300.0
81,1.51761e-11,12067733700.0
82,9.46772e-06,11849510400.0
83,4.35662e-06,11897247200.0
84,1.85265e-05,12017428700.0
85,4.98697e-06,12022351200.0
86,6.24099e-06,12038309500.0
87,5.34391e-06,11913808400.0
88,2.94162e-06,12103275600.0
89,5.39975e-06,11996614200.0
90,1.15713e-05,11883642100.0
91,6.49072e-06,11838820800.0
92,2.40759e-05,11734328200.0
93,3.81018e-06,11673685700.0
94,5.2078e-06,11891021700.0
95,6.60682e-06,12065673800.0
96,4.75499e-06,11745688500.0
97,4.45608e-06,11712495000.0
98,1.22234e-06,11897515300.0
99,1.26999e-05,11916554600.0
0,1.67219e-06,11915243800.0
1,6.12888e-12,12033137400.0
2,1.60094e-13,12025469200.0
3,3.47082e-06,11971178500.0
4,4.16606e-13,11891815300.0
5,2.96081e-12,12155917900.0
6,5.96889e-06,12045848800.0
7,8.58016e-13,12028581000.0
8,1.07333e-13,12101123600.0
9,6.53308e-06,12072168700.0
10,3.81527e-13,12113649900.0
11,2.15553e-12,11815171200.0
12,2.95663e-13,12061919100.0
13,3.6301e-06,11909165400.0
14,7.34629e-06,11887745700.0
15,1.42342e-06,12019384600.0
16,8.48036e-13,11984205600.0
17,4.39156e-06,11922051000.0
18,2.52195e-12,12096691800.0
19,5.15134e-13,12020134800.0
20,4.19153e-12,11981152100.0
21,5.01699e-13,12232264800.0
22,5.16213e-13,12134623300.0
23,4.75003e-06,11938670900.0
24,6.61995e-06,12102675200.0
25,7.62229e-13,12176603600.0
26,9.20043e-06,12042838800.0
27,9.43844e-13,12095510800.0
28,6.97681e-13,12138655900.0
29,2.12181e-06,11956682000.0
30,1.87927e-06,11895870800.0
31,6.04407e-06,11936412100.0
32,7.01731e-13,12017211700.0
33,4.14639e-13,11914384700.0
34,2.11432e-13,11978663600.0
35,2.83829e-12,12312314700.0
36,7.89693e-06,11979825100.0
37,2.36481e-06,12089624400.0
38,5.4649e-13,11934652100.0
39,1.33845e-11,11941860700.0
40,8.73515e-11,11747442500.0
41,9.89165e-13,12043611100.0
42,6.34051e-06,11906931300.0
43,5.17393e-13,11923343800.0
44,2.3903e-06,11813993300.0
45,3.6427e-06,11823243400.0
46,4.10299e-06,12008073200.0
47,4.67518e-06,11883054800.0
48,6.38166e-13,11984580200.0
49,6.77502e-06,11941393200.0
50,4.764e-06,11877313800.0
51,4.40965e-06,12004406700.0
52,3.44559e-06,11965010300.0
53,5.68633e-06,11938406100.0
54,1.41483e-12,11961863700.0
55,4.13083e-13,11926989800.0
56,3.67514e-06,11947649500.0
57,1.74089e-12,11847193100.0
58,2.90819e-13,11998039400.0
59,3.65195e-13,11949586800.0
60,1.99167e-13,12060636500.0
61,7.07137e-13,11963461800.0
62,4.33727e-13,11874514800.0
63,1.38805e-12,11924337900.0
64,9.04651e-06,11892053900.0
65,1.48578e-12,12059196800.0
66,6.23058e-12,12017759900.0
67,1.11843e-12,11828816500.0
68,1.72255e-06,11929840900.0
69,7.266e-06,11876121800.0
70,2.7477e-06,11874930300.0
71,3.52455e-11,11992884900.0
72,3.49134e-13,12130553800.0
73,9.40794e-06,11870536800.0
74,4.71499e-11,11970720500.0
75,3.37606e-06,11797995200.0
76,2.11361e-13,11989554800.0
77,4.45764e-12,11915324300.0
78,8.41559e-11,12037410200.0
79,5.29403e-06,11810591800.0
80,4.92461e-06,11950962100.0
81,3.92149e-13,12147282800.0
82,7.57663e-13,11931831000.0
83,3.42821e-13,12002579000.0
84,1.10144e-11,11983559500.0
85,1.02878e-12,11979420300.0
86,7.84444e-13,11982665400.0
87,9.25508e-06,11891894500.0
88,1.59157e-12,12028475000.0
89,8.15997e-06,11995158800.0
90,1.18153e-06,11939642700.0
91,1.57471e-06,11887148400.0
92,3.47974e-06,11981460500.0
93,2.67344e-06,11960174300.0
94,2.31092e-12,11820051100.0
95,1.6231e-12,12100891200.0
96,7.33525e-06,11846304600.0
97,8.25701e-06,11734070400.0
98,7.44334e-12,12017933000.0
99,4.38689e-12,12102194200.0
